td_0_string=_
td_0_data=554.000000 18.000000 1 0 0 0 0.583333 14.350013 -1 255 255 1 304.000000 152.500000 0 2 1 0 1 1 -10.000000 0.000000 -20.000000 1.000000 255 255 255 formainui
td_0_bar_data=100.000000 0 
td_1_string=_
td_1_data=554.000000 23.000000 1 0 1 0 0.600000 13.100008 -1 255 -168436601 1 362.500000 142.500000 0 2 1 0 1 1 -10.000000 0.000000 -20.000000 1.000000 255 255 135 uppermainui
td_1_bar_data=100.000000 0 
td_2_string=discord.gg/samp
td_2_data=551.000000 2.000000 1 0 1 0 0.295832 1.200000 -1 255 50 0 400.000000 17.000000 0 1 1 0 1 1 -10.000000 0.000000 -20.000000 1.000000 255 255 50 header
td_2_bar_data=100.000000 0 
td_3_string=-------------------------------
td_3_data=554.000000 33.000000 1 0 1 0 0.295832 0.550000 -1 255 50 0 400.000000 17.000000 0 2 1 0 1 1 -10.000000 0.000000 -20.000000 1.000000 255 255 50 seperator
td_3_bar_data=100.000000 0 
td_4_string=Time Alive:
td_4_data=535.000000 39.000000 1 0 1 0 0.258332 1.199998 -1 255 50 0 400.000000 17.000000 0 3 1 0 1 1 -10.000000 0.000000 -20.000000 1.000000 255 255 50 timeAlive
td_4_bar_data=100.000000 0 
td_5_string=00:00:00
td_5_data=569.000000 39.000000 1 0 1 0 0.304165 1.199000 -1 255 50 0 400.000000 17.000000 0 1 1 0 1 1 -10.000000 0.000000 -20.000000 1.000000 255 255 50 aliveTimeTimer
td_5_bar_data=100.000000 0 
td_6_string=Zombies Killed:
td_6_data=542.000000 52.000000 1 0 1 0 0.224665 1.199000 -1 255 50 0 400.000000 17.000000 0 3 1 0 1 1 -10.000000 0.000000 -20.000000 1.000000 255 255 50 zombiesKilled
td_6_bar_data=100.000000 0 
td_7_string=100
td_7_data=583.000000 51.000000 1 0 1 0 0.303999 1.199000 -1 255 50 0 400.000000 17.000000 0 1 1 0 1 1 -10.000000 0.000000 -20.000000 1.000000 255 255 50 zombiesKilledCounter
td_7_bar_data=100.000000 0 
td_8_string=Murders:
td_8_data=518.000000 64.000000 1 0 1 0 0.224665 1.199000 -1 255 50 0 400.000000 17.000000 0 3 1 0 1 1 -10.000000 0.000000 -20.000000 1.000000 255 255 50 
td_8_bar_data=100.000000 0 
td_9_string=100
td_9_data=583.000000 64.000000 1 0 1 0 0.303999 1.199000 -1 255 50 0 400.000000 17.000000 0 1 1 0 1 1 -10.000000 0.000000 -20.000000 1.000000 255 255 50 
td_9_bar_data=100.000000 0 
td_10_string=-------------------------------
td_10_data=554.000000 124.000000 1 0 1 0 0.295832 0.550000 -1 255 50 0 400.000000 17.000000 0 2 1 0 1 1 -10.000000 0.000000 -20.000000 1.000000 255 255 50 
td_10_bar_data=100.000000 0 
td_11_string=Reloot:~n~~g~00:00
td_11_data=140.000000 376.000000 1 0 1 0 0.266665 1.500000 -1 255 50 0 400.000000 17.000000 0 1 1 0 1 1 -10.000000 0.000000 -20.000000 1.000000 255 255 50 
td_11_bar_data=100.000000 0 
td_12_string=Weapon: M4 - 300
td_12_data=608.000000 128.000000 1 0 1 0 0.349999 1.500000 -1 255 50 0 400.000000 17.000000 0 3 1 0 1 1 -10.000000 0.000000 -20.000000 1.000000 255 255 50 weaponHolder
td_12_bar_data=100.000000 0 
td_13_string=XomoX_Test
td_13_data=554.000000 20.000000 1 1 1 0 0.320832 1.500000 -1 255 50 0 400.000000 17.000000 0 2 1 0 1 1 -10.000000 0.000000 -20.000000 1.000000 255 255 50 
td_13_bar_data=100.000000 0 
