td_0_string=_
td_0_data=315.000000 89.000000 1 0 1 0 0.600000 29.300003 -1 255 -1962934017 1 348.500000 474.000000 0 2 1 0 1 1 -10.000000 0.000000 -20.000000 1.000000 255 255 255 backPlating
td_0_bar_data=100.000000 0 
td_1_string=Preview_Model
td_1_data=97.000000 125.000000 5 0 0 0 0.600000 2.000000 -1 125 -16776961 0 112.500000 198.500000 0 1 1 50 1 1 -10.000000 0.000000 -20.000000 1.000000 255 125 255 playerSkin
td_1_bar_data=100.000000 0 
td_2_string=_
td_2_data=250.000000 128.000000 1 0 1 0 0.600000 10.300003 -1 255 135 1 298.500000 75.000000 0 2 1 0 1 1 -10.000000 0.000000 -20.000000 1.000000 255 255 135 hungerBox
td_2_bar_data=100.000000 0 
td_3_string=HUD:radar_burgershot
td_3_data=238.000000 147.000000 4 0 1 0 0.600000 2.000000 -1 255 50 1 22.000000 32.000000 0 1 1 0 1 1 -10.000000 0.000000 -20.000000 1.000000 255 255 50 hungerIcon
td_3_bar_data=100.000000 0 
td_4_string=500
td_4_data=250.000000 193.000000 3 0 1 0 0.600000 2.000000 -1 255 50 0 400.000000 17.000000 0 2 1 0 1 1 -10.000000 0.000000 -20.000000 1.000000 255 255 50 hunger
td_4_bar_data=100.000000 0 
td_5_string=_
td_5_data=250.000000 228.000000 1 0 1 0 0.600000 10.300003 -1 255 135 1 298.500000 75.000000 0 2 1 0 1 1 -10.000000 0.000000 -20.000000 1.000000 255 255 135 thirstBox
td_5_bar_data=100.000000 0 
td_6_string=HUD:radar_datedrink
td_6_data=238.000000 243.000000 4 0 1 0 0.600000 2.000000 -1 255 50 1 22.000000 32.000000 0 1 1 0 1 1 -10.000000 0.000000 -20.000000 1.000000 255 255 50 thirstIcon
td_6_bar_data=100.000000 0 
td_7_string=500
td_7_data=250.000000 288.000000 3 0 1 0 0.600000 2.000000 -1 255 50 0 400.000000 17.000000 0 2 1 0 1 1 -10.000000 0.000000 -20.000000 1.000000 255 255 50 thirst
td_7_bar_data=100.000000 0 
td_8_string=_
td_8_data=330.000000 128.000000 1 0 1 0 0.600000 10.300003 -1 255 135 1 298.500000 75.000000 0 2 1 0 1 1 -10.000000 0.000000 -20.000000 1.000000 255 255 135 humanityBox
td_8_bar_data=100.000000 0 
td_9_string=ld_tatt:4rip
td_9_data=319.000000 147.000000 4 0 1 0 0.600000 2.000000 -1 255 50 1 22.000000 32.000000 0 1 1 0 1 1 -10.000000 0.000000 -20.000000 1.000000 255 255 50 humanityIcon
td_9_bar_data=100.000000 0 
td_10_string=500
td_10_data=330.000000 192.000000 3 0 1 0 0.600000 2.000000 -1 255 50 0 400.000000 17.000000 0 2 1 0 1 1 -10.000000 0.000000 -20.000000 1.000000 255 255 50 humanity
td_10_bar_data=100.000000 0 
td_11_string=_
td_11_data=330.000000 228.000000 1 0 1 0 0.600000 10.300003 -1 255 135 1 298.500000 75.000000 0 2 1 0 1 1 -10.000000 0.000000 -20.000000 1.000000 255 255 135 coinsBox
td_11_bar_data=100.000000 0 
td_12_string=HUD:radar_cash
td_12_data=319.000000 247.000000 4 0 1 0 0.600000 2.000000 -1 255 50 1 22.000000 32.000000 0 1 1 0 1 1 -10.000000 0.000000 -20.000000 1.000000 255 255 50 coinsIcon
td_12_bar_data=100.000000 0 
td_13_string=500
td_13_data=330.000000 288.000000 3 0 1 0 0.600000 2.000000 -1 255 50 0 400.000000 17.000000 0 2 1 0 1 1 -10.000000 0.000000 -20.000000 1.000000 255 255 50 coins
td_13_bar_data=100.000000 0 
td_14_string=samaps:map
td_14_data=372.000000 126.000000 4 0 1 0 0.600000 2.000000 -1 255 50 1 176.500000 197.500000 0 1 1 0 1 1 -10.000000 0.000000 -20.000000 1.000000 255 255 50 map
td_14_bar_data=100.000000 0 
td_15_string=HUD:radar_crash1
td_15_data=384.000000 272.000000 4 0 1 0 0.600000 2.000000 -1 255 50 1 12.500000 9.500000 0 1 1 0 1 1 -10.000000 0.000000 -20.000000 1.000000 255 255 50 safeZone
td_15_bar_data=100.000000 0 
td_16_string=Informations
td_16_data=315.000000 95.000000 0 0 1 0 0.600000 2.000000 -1 255 50 0 400.000000 17.000000 0 2 1 0 1 1 -10.000000 0.000000 -20.000000 1.000000 255 255 50 informationText
td_16_bar_data=100.000000 0 
td_17_string=XomoX
td_17_data=315.000000 330.000000 3 0 1 0 0.600000 2.000000 -1 255 50 0 400.000000 17.000000 0 2 1 0 1 1 -10.000000 0.000000 -20.000000 1.000000 255 255 50 playerName
td_17_bar_data=100.000000 0 
