td_0_string=_
td_0_data=70.000000 329.000000 1 0 1 0 0.600000 11.150006 -1 255 255 1 302.000000 88.000000 0 2 1 0 1 1 -10.000000 0.000000 -20.000000 1.000000 255 255 255 mapBoxHider
td_0_bar_data=100.000000 0 
td_1_string=~r~You~n~Need~n~GPS
td_1_data=69.000000 351.000000 1 0 2 1 0.600000 2.000000 -1 255 50 0 400.000000 17.000000 0 2 1 0 1 1 -10.000000 0.000000 -20.000000 1.000000 255 255 50 textMessage
td_1_bar_data=100.000000 0 
