td_0_string=_
td_0_data=597.000000 201.000000 1 0 1 0 0.600000 27.550003 -1 255 255 1 292.000000 82.500000 0 2 1 0 1 1 -10.000000 0.000000 -20.000000 1.000000 255 255 255 backPlateBox
td_0_bar_data=100.000000 0 
td_1_string=_
td_1_data=597.000000 207.000000 1 0 1 0 0.225000 5.499998 -1 255 -1378294137 1 298.500000 75.000000 0 2 1 0 1 1 -10.000000 0.000000 -20.000000 1.000000 255 255 135 foodBox
td_1_bar_data=100.000000 0 
td_2_string=HUD:radar_burgershot
td_2_data=588.000000 213.000000 4 0 1 0 0.600000 2.000000 -1 255 50 1 17.000000 17.000000 0 1 1 0 1 1 -10.000000 0.000000 -20.000000 1.000000 255 255 50 foodSprite
td_2_bar_data=100.000000 0 
td_3_string=500
td_3_data=597.000000 237.000000 3 0 1 0 0.600000 2.000000 -1 255 50 0 400.000000 17.000000 0 2 1 0 1 1 -10.000000 0.000000 -20.000000 1.000000 255 255 50 food
td_3_bar_data=100.000000 0 
td_4_string=_
td_4_data=597.000000 266.000000 1 0 1 0 0.225000 5.499998 -1 255 -1378294137 1 298.500000 75.000000 0 2 1 0 1 1 -10.000000 0.000000 -20.000000 1.000000 255 255 135 thirstBox
td_4_bar_data=100.000000 0 
td_5_string=HUD:radar_datedrink
td_5_data=588.000000 273.000000 4 0 1 0 0.600000 2.000000 -1 255 50 1 17.000000 17.000000 0 1 1 0 1 1 -10.000000 0.000000 -20.000000 1.000000 255 255 50 thirstSprite
td_5_bar_data=100.000000 0 
td_6_string=500
td_6_data=597.000000 295.000000 3 0 1 0 0.600000 2.000000 -1 255 50 0 400.000000 17.000000 0 2 1 0 1 1 -10.000000 0.000000 -20.000000 1.000000 255 255 50 thirst
td_6_bar_data=100.000000 0 
td_7_string=_
td_7_data=597.000000 326.000000 1 0 1 0 0.225000 5.499998 -1 255 -1378294137 1 298.500000 75.000000 0 2 1 0 1 1 -10.000000 0.000000 -20.000000 1.000000 255 255 135 energyBox
td_7_bar_data=100.000000 0 
td_8_string=HUD:radar_tattoo
td_8_data=588.000000 333.000000 4 0 1 0 0.600000 2.000000 -1 255 50 1 17.000000 17.000000 0 1 1 0 1 1 -10.000000 0.000000 -20.000000 1.000000 255 255 50 energySprite
td_8_bar_data=100.000000 0 
td_9_string=500
td_9_data=597.000000 354.000000 3 0 1 0 0.600000 2.000000 -1 255 50 0 400.000000 17.000000 0 2 1 0 1 1 -10.000000 0.000000 -20.000000 1.000000 255 255 50 energy
td_9_bar_data=100.000000 0 
td_10_string=_
td_10_data=597.000000 386.000000 1 0 1 0 0.225000 5.499998 -1 255 -1378294137 1 298.500000 75.000000 0 2 1 0 1 1 -10.000000 0.000000 -20.000000 1.000000 255 255 135 humanityBox
td_10_bar_data=100.000000 0 
td_11_string=HUD:radar_locosyndicate
td_11_data=588.000000 391.000000 4 0 1 0 0.600000 2.000000 -1 255 50 1 17.000000 17.000000 0 1 1 0 1 1 -10.000000 0.000000 -20.000000 1.000000 255 255 50 humanitySprite
td_11_bar_data=100.000000 0 
td_12_string=500
td_12_data=597.000000 413.000000 3 0 1 0 0.600000 2.000000 -1 255 50 0 400.000000 17.000000 0 2 1 0 1 1 -10.000000 0.000000 -20.000000 1.000000 255 255 50 humanity
td_12_bar_data=100.000000 0 
